way_id,st_astext
1,POINT(14.540576934814453 61.00667749549979)
1,POINT(14.542846083641052 61.007051918440936)
1,POINT(26.92151963710785 60.50808984964141)
1,POINT(28.615592122077942 60.36557527965178)
1,POINT(52.008419036865234 55.279995254954514)
1,POINT(-3.0920451879501343 54.19557193451479)
1,POINT(27.700132727622986 54.06351552986314)
1,POINT(-1.9861972332000732 52.98625756030307)
1,POINT(-1.8731635808944702 52.50122797169365)
1,POINT(-1.8803465366363525 52.48332906284543)
1,POINT(19.487106800079346 51.21194793616186)
1,POINT(7.214321494102478 50.962754971700775)
1,POINT(4.475212097167969 50.47193470164527)
1,POINT(-1.166197657585144 50.65014075420038)
1,POINT(18.80239248275757 50.47714792299243)
1,POINT(73.0586850643158 50.21660260224388)
1,POINT(7.678794264793396 49.80668200643228)
1,POINT(-116.04917407035828 48.633238292279714)
1,POINT(-1.89639151096344 47.89028743887823)
1,POINT(-122.31051206588745 47.63954642587291)
1,POINT(-1.0726207494735718 47.50161965373093)
1,POINT(7.758402228355408 47.569432262681886)
1,POINT(-0.5688858032226562 47.47023336905491)
1,POINT(15.886203646659851 45.82942722423283)
1,POINT(-69.89506244659424 44.012015303502466)
1,POINT(13.186721205711365 43.2427995042589)
1,POINT(-8.696799874305725 42.899287421308486)
1,POINT(44.67564582824707 41.67517972241646)
1,POINT(2.053520679473877 41.47182173035711)
1,POINT(114.74792182445526 40.87272196657938)
1,POINT(114.73947286605835 40.78076890504556)
1,POINT(114.74381804466248 40.78091107539072)
1,POINT(114.74399507045746 40.78093138541519)
1,POINT(114.73303556442261 40.755270811916546)
1,POINT(114.75210070610046 40.76559554934593)
1,POINT(-4.964393377304077 40.63456680076234)
1,POINT(115.05631685256958 40.61276334863865)
1,POINT(114.15800213813782 40.112956373607034)
1,POINT(113.39696288108826 40.04815815965608)
1,POINT(113.40686559677124 40.062241940773134)
1,POINT(113.25686037540436 40.09099583891887)
1,POINT(113.27608644962311 40.0856195161312)
1,POINT(113.26631247997284 40.09299030563966)
1,POINT(113.2662695646286 40.074853282049645)
1,POINT(113.28258275985718 40.10992860461795)
1,POINT(113.25834095478058 40.05156645526003)
1,POINT(113.29544126987457 40.10519385557237)
1,POINT(113.29515159130096 40.08171218154493)
1,POINT(113.3015888929367 40.100512120242655)
1,POINT(113.31217288970947 40.081675241387416)
1,POINT(113.32756340503693 40.10486561118759)
1,POINT(113.30827295780182 40.1050461457952)
1,POINT(113.59680891036987 40.01983397168348)
1,POINT(113.28259348869324 40.04164085975333)
1,POINT(-86.15515530109406 39.97809023073779)
1,POINT(109.92801368236542 39.82070805018117)
1,POINT(109.934241771698 39.821181866102904)
1,POINT(109.9453729391098 39.81591614558076)
1,POINT(109.93412375450134 39.808103347436116)
1,POINT(109.95981931686401 39.82669437121501)
1,POINT(109.96091902256012 39.80178158347721)
1,POINT(109.98725295066833 39.810250307135306)
1,POINT(-86.1495977640152 39.97365052955661)
1,POINT(46.47817075252533 37.99393901243529)
1,POINT(-9.265068769454956 38.753543616818234)
1,POINT(115.68914115428925 37.734514053312495)
1,POINT(113.17738115787506 37.886996716921004)
1,POINT(115.49264252185822 37.73960485056679)
1,POINT(112.36273527145386 37.592730797343265)
1,POINT(118.75421941280365 37.44164793761827)
1,POINT(115.7136458158493 37.49423911068939)
1,POINT(115.72604298591614 37.493128232324906)
1,POINT(112.04510807991028 37.43490531613331)
1,POINT(115.7010930776596 37.531037720153165)
1,POINT(-5.994694232940674 37.26813612602598)
1,POINT(111.77993953227997 37.150170899993384)
1,POINT(115.66169679164886 37.07113538289623)
1,POINT(115.66104769706726 37.04441364863716)
1,POINT(115.6606936454773 37.03101927546811)
1,POINT(115.67855715751648 37.063242277433105)
1,POINT(115.68022012710571 37.05569083736994)
1,POINT(115.67287623882294 37.044233816565864)
1,POINT(115.67253291606903 37.03082228176331)
1,POINT(111.77261710166931 37.08445420556687)
1,POINT(115.30556917190552 37.089259877165205)
1,POINT(118.11517238616943 36.77037557706372)
1,POINT(-121.75493001937866 36.903286027482324)
1,POINT(10.090282559394836 36.85345826168971)
1,POINT(10.092235207557678 36.85336812002386)
1,POINT(10.09092628955841 36.85056509041924)
1,POINT(10.095727443695068 36.856977996003195)
1,POINT(10.10693371295929 36.862227249817096)
1,POINT(10.100013613700867 36.850616601844365)
1,POINT(113.03439259529114 36.53470455920784)
1,POINT(113.02213490009308 36.53676485071769)
1,POINT(113.03839981555939 36.50480691666523)
1,POINT(55.65529525279999 36.41397840613155)
1,POINT(55.65531134605408 36.41383162765182)
1,POINT(51.24320089817047 35.745375906646345)
1,POINT(117.47855544090271 35.55069890978211)
1,POINT(10.113043785095215 36.866218673276634)
1,POINT(10.11617660522461 36.86482384469238)
1,POINT(50.82717418670654 34.542930297225865)
1,POINT(70.38706541061401 34.2899669251872)
1,POINT(137.83213913440704 34.70222110213919)
1,POINT(135.39295971393585 34.75132298386745)
1,POINT(-118.34459245204926 34.19201888850523)
1,POINT(51.560468673706055 32.855075988166675)
1,POINT(131.14402413368225 32.36703096905339)
1,POINT(51.679333448410034 32.70460316988516)
1,POINT(-102.09998667240143 31.997458249746302)
1,POINT(117.30043530464172 31.86151686332319)
1,POINT(117.29731857776642 31.86962188358494)
1,POINT(-93.08785021305084 31.750051929356133)
1,POINT(114.09896671772003 32.089496610905755)
1,POINT(35.18690228462219 31.715052960622174)
1,POINT(-116.6597843170166 31.86583598474469)
1,POINT(116.91912710666656 31.47429788109241)
1,POINT(117.31938779354095 31.237779330443203)
1,POINT(117.82591223716736 30.645901253788978)
1,POINT(76.18763744831085 30.837039111358123)
1,POINT(76.18770182132721 30.837043717401315)
1,POINT(114.33936774730682 30.560676559617463)
1,POINT(72.41449356079102 30.374707925659635)
1,POINT(72.42581784725189 30.337282725514996)
1,POINT(118.11408340930939 30.29924110081842)
1,POINT(118.13826620578766 30.239071412883007)
1,POINT(118.19544017314911 30.24542972767543)
1,POINT(-95.44749677181244 29.990028768118847)
1,POINT(47.72993087768555 29.81057993602967)
1,POINT(48.104753494262695 29.12191110140796)
1,POINT(48.10505390167236 29.121086312570142)
1,POINT(115.77094852924347 28.55516611680312)
1,POINT(112.9252427816391 28.25412024835731)
1,POINT(112.92625665664673 28.254947169772606)
1,POINT(114.43277299404144 27.79385585795285)
1,POINT(114.9864935874939 27.036799634069155)
1,POINT(-103.48219871520996 25.551230828962233)
1,POINT(89.29366707801819 25.149208235641908)
1,POINT(86.17494463920593 23.654705781054957)
1,POINT(90.40359735488892 23.71964384213088)
1,POINT(98.29240322113037 22.528874867057155)
1,POINT(104.02555525302887 22.39579284633251)
1,POINT(91.81609690189362 22.337448392911455)
1,POINT(114.13425385951996 22.335369349610858)
1,POINT(106.06465101242065 21.175363044409835)
1,POINT(105.83022058010101 21.01800015575941)
1,POINT(-104.71992552280426 19.797884053172425)
1,POINT(-100.01627504825592 19.908417769759907)
1,POINT(84.22354638576508 18.81626722806432)
1,POINT(-99.02709245681763 19.297701605246004)
1,POINT(-69.67146813869476 18.41382124374698)
1,POINT(73.82604360580444 18.49857536187251)
1,POINT(73.8264673948288 18.498148032605144)
1,POINT(-88.56164395809174 18.112265372029484)
1,POINT(-88.55742752552032 18.108497461053318)
1,POINT(81.59165561199188 16.97162251009827)
1,POINT(81.39518916606903 16.948178446335803)
1,POINT(81.41722083091736 16.861396155666526)
1,POINT(81.60333395004272 17.090906273322545)
1,POINT(104.76867198944092 16.572107518630276)
1,POINT(-61.44408166408539 16.442516576455063)
1,POINT(108.21173250675201 16.07892915329917)
1,POINT(75.37393033504486 15.724956561898367)
1,POINT(5.028546452522278 13.157860210539255)
1,POINT(74.93605434894562 13.183741700494068)
1,POINT(79.4356906414032 10.611544361994106)
1,POINT(109.1857498884201 12.235905241730762)
1,POINT(122.49867975711823 10.694799116057737)
1,POINT(76.51849329471588 9.617680504416128)
1,POINT(76.51356339454651 9.606224296121681)
1,POINT(76.51746332645416 9.60254299450844)
1,POINT(76.52740895748138 9.619034490467357)
1,POINT(76.5305632352829 9.615141765956565)
1,POINT(76.53071880340576 9.61394114758923)
1,POINT(76.51994168758392 9.595132666911809)
1,POINT(76.52025818824768 9.594963407000805)
1,POINT(76.53143227100372 9.617236226561587)
1,POINT(76.52699589729309 9.623672909380701)
1,POINT(76.52958154678345 9.623419040893125)
1,POINT(125.98520815372467 8.031311751020809)
1,POINT(125.99791646003723 7.994823338806171)
1,POINT(125.997873544693 7.983646150083402)
1,POINT(126.00911736488342 7.980878367407669)
1,POINT(-72.89790272712708 11.555380322321767)
1,POINT(-73.22777688503265 5.543952056320663)
1,POINT(-75.74018061161041 4.816163039152315)
1,POINT(-75.75867176055908 4.800538029342221)
1,POINT(96.8328845500946 3.7350368897957935)
1,POINT(99.05151665210724 3.5502849145344157)
1,POINT(-60.695080161094666 2.821138716282846)
1,POINT(109.23187851905823 1.4740599033310247)
1,POINT(103.52120876312256 -1.7983296550168149)
1,POINT(106.11176133155823 -2.120729865919216)
1,POINT(106.12963020801544 -2.1603774157822215)
1,POINT(-38.508968353271484 -3.9367848094483264)
1,POINT(119.6264898777008 -4.006274498268482)
1,POINT(-80.64422965049744 -5.238657386201595)
1,POINT(106.56170725822449 -6.222345169871886)
1,POINT(106.55332267284393 -6.230285671395464)
1,POINT(106.59078240394592 -6.273617677859988)
1,POINT(106.87448501586914 -6.219817409481507)
1,POINT(112.51443564891815 -7.04985030173637)
1,POINT(-35.888455510139465 -7.222273799285915)
1,POINT(110.28491914272308 -7.629331424712817)
1,POINT(116.29135608673096 -8.300211399423958)
1,POINT(-56.533482670784 -11.084027318937927)
1,POINT(-43.584120869636536 -13.549964888606652)
1,POINT(27.58219599723816 -15.922952817583777)
1,POINT(-51.70593559741974 -17.881463300932467)
1,POINT(47.549466490745544 -18.914132272214275)
1,POINT(47.50886857509613 -18.905088790048566)
1,POINT(47.508981227874756 -18.905088790048566)
1,POINT(47.524216175079346 -18.919039501444033)
1,POINT(-53.75940799713135 -20.4462703912815)
1,POINT(-43.27691674232483 -20.396515463683613)
1,POINT(-47.175427079200745 -22.72244614705228)
1,POINT(-46.90670728683472 -23.074372190004155)
1,POINT(-47.089059948921204 -23.27015357960731)
1,POINT(-47.61630177497864 -23.50852035832402)
1,POINT(-46.57335162162781 -23.752761154041124)
1,POINT(-46.452829241752625 -23.533969712383907)
1,POINT(144.35299158096313 -38.1277165260261)
1,POINT(144.35170948505402 -38.12755617167488)
1,POINT(168.9460051059723 -46.09900717443495)
